9.346299699429259089e-01 -7.495573108193788470e-02 3.816353070246709944e-02 2.427218735119256871e-02 2.191095155813504308e-02 1.591502031332502065e-02 3.442329782197989935e-02 5.565775294727288991e-02 -1.974643314069356170e-02 -1.809353195335623998e-01 7.109373078491154629e-02 1.235031057493518325e-01 1.258531014318757871e-02 1.848619941085957383e-02 6.450298880590243922e-02 4.667786577073472498e-03 -6.720921007535948788e-02 -4.533451535401153421e-02 4.794350283584562084e-02 4.410275278709948482e-02 1.189707184524434885e-01 3.738745892458070902e-02 -1.820166921303915247e-02 -4.505692502526392404e-03 -3.295436111122883316e-02 4.927577866113209970e-02 4.609740334552195340e-02 5.266238713716940578e-02 1.833511023360677103e-02 2.554485965716744855e-02 -9.236043112906425212e-02 1.596338026343422367e-01 -1.137057180145985974e-02 2.102255469628067641e-01 2.528020703595879395e-02 -4.558665761610309897e-01 3.089420409935569878e-02 2.708537755243854983e-01 -2.271035344864887062e-02 -9.767782001654979132e-03 1.596091629245685595e-02 4.737802982557667852e-02 4.722190912754357234e-02 -7.501574201194606550e-02 -9.850375862857250683e-04 -5.401112185797948134e-02 2.292246892714581985e-02 9.229142271984930312e-03 -1.502728293161829931e-03 -3.680147778797555197e-02 -2.695479226336332246e-02 3.272985181253088710e-02 6.318159107892414028e-02 2.220483806661737725e-01 3.188299794756647293e-02 -4.985199585019776947e-02 -3.776758676230587697e-01 7.921084744601540606e-02 -8.372748479743345046e-03 -2.495757405214839905e-03 -1.593024422444285979e-02 5.354546255382447786e-04 -2.523592292107938728e-02 1.460705033604012271e-02 -3.788975875130015311e-03 1.509839337853409458e-02 1.184686581604163166e-02 4.652536852977964821e-03 2.937723527124785211e-02 3.140958415790254775e-03 -4.398412200231609920e-03 -1.605094229233275382e-02 8.523999193435514987e-03 -3.092739991558196393e-03 -3.316775181297821912e-03 1.556192277228622863e-02 -1.645918644100569095e-02 2.951125527206345175e-03 -2.633304169960383814e-03 -5.622282999883546767e-03 -1.122701290343681296e-02 1.254660142648497852e-02 -5.954157211502381433e-03 -3.127074183708647339e-03 -4.782541361649540572e-03 2.435010116305645622e-02 -9.428746191865509593e-03 -4.261188708698148732e-03 -3.871065950804944249e-03 -3.800247557523294545e-02 -8.955817865676916900e-03 1.923312934876456786e-03 -5.272282718049030488e-03 2.808734725626936806e-03 1.117634126529926976e-02 6.628914966645183676e-03 1.218587140643475307e-02 1.913615762611316565e-03 1.764145832464749210e-03 -1.504894035992485925e-02 -5.582571820116031223e-03 6.130335464823199673e-03 9.906131063951694946e-03 -1.137931750902844777e-02 -5.241781905049288162e-04 -1.094681131203051371e-03
-7.495573108193788470e-02 9.915830104156662106e-01 2.931543767230674474e-02 3.685123190327088075e-03 -1.156308803944650250e-02 -1.741673295498667728e-02 -8.828886546262446067e-03 -2.922101081768948248e-03 5.663171990595139600e-03 4.153521213709378268e-02 -2.045405736102754238e-02 -3.810054165335577392e-02 -1.131889752892314971e-02 -3.469890999516604679e-03 -2.937014416924228592e-03 8.604886654719982181e-03 8.788012080759317196e-03 9.806008116968981114e-03 3.492855606625032416e-02 4.003864403602980931e-02 -6.489191622405625359e-03 1.528278804494033125e-02 6.147785007144959332e-03 -1.642509469166016783e-02 -4.224600513092266821e-03 -2.129486135082878789e-03 -2.612554624350031315e-03 -2.011594140292427557e-02 1.799294988624736136e-02 -4.309443249692732243e-03 -5.155213246870704938e-03 -2.198539862607498327e-02 2.435664853298978496e-03 -2.149606670096269184e-02 3.447446386678252195e-03 3.699922278895276945e-02 2.594112150150285415e-02 -2.379555036402246707e-02 7.215598933978412989e-03 3.540349958106452175e-03 7.587499648920351634e-03 -1.893597159917183650e-02 -3.614116597142498499e-02 2.832863438082922763e-02 1.594481583189540780e-02 -6.319122929534244648e-03 7.121045774678275847e-03 -1.512168425512583347e-02 1.314183876486929234e-02 7.127744035284580906e-03 2.857146099801978825e-03 2.285082989525503983e-03 -2.584082484521414442e-03 -1.715718630122355093e-02 6.638702840528801739e-03 2.467158181760300412e-02 1.267966133778534663e-02 -5.796170268674053720e-05 -1.559213368036974079e-02 -6.264085258660821720e-02 -5.131383192754959688e-02 1.197033530398285972e-01 5.735112546381555994e-03 -5.893548002441316436e-02 1.164356749357380039e-03 -5.452306844923444223e-03 -3.057005411319772305e-03 8.366496308143744204e-03 3.137509968109120084e-02 3.644605350222191722e-04 -3.623686891092694411e-04 3.642946346348602954e-02 -3.521975772949111506e-03 1.884189589594158741e-03 1.243123245777956205e-03 -1.143595401040369171e-02 2.880930926284662116e-02 5.335602237460467141e-03 -1.158953125620243788e-02 1.361727165365221592e-02 8.196506608581134376e-03 -2.871017272280201437e-03 -9.912751250875520906e-03 -8.418885818166692249e-04 -1.261892375477752931e-02 -2.020399633076938074e-03 1.142356776255631749e-02 -2.607965732511004393e-04 3.708267328239178359e-03 1.338023276078658119e-01 3.508462832235767492e-02 4.153117835269555351e-03 2.485372636608414523e-02 -1.939360190880097534e-02 -3.576385003222384666e-03 -1.270628874941224021e-02 5.669904404263936479e-03 -3.792228542043735336e-03 -1.210557724805119521e-02 2.006791000658497519e-03 -1.327306044273591406e-03 5.912191486775680328e-03 -7.504599144512787146e-02 -1.477548727035527497e-02 6.360159506266237044e-03 3.640178401011575932e-03
3.816353070246709944e-02 2.931543767230674474e-02 9.496631059056354074e-01 7.594613852486412683e-04 1.139610797375315357e-02 1.776614255703073686e-01 -1.242109779871737943e-02 -4.288701543431987923e-02 3.574643488819663310e-03 -1.737171709651728901e-02 5.155405616919614409e-02 9.787626325348358636e-02 -2.296600426739881656e-02 1.437477749822786048e-03 -4.640718026987208922e-02 1.848392464017309042e-02 4.390280196016734839e-03 9.223770961842603019e-03 1.622210958518663024e-02 2.714459459559094220e-02 3.496901788829304136e-02 2.595260749587434065e-02 -2.818508154865878579e-02 -1.532146511083338873e-02 -1.287136978128619429e-02 -2.823867924837708022e-04 4.336140123023268789e-02 -2.787583045560470055e-02 5.172146469007012776e-03 1.594400412448698096e-02 -4.867918888455663451e-02 -2.022119003968050888e-01 -1.462425541953306374e-02 3.364997850365777921e-01 -2.883210537739453599e-02 -1.047070654862279626e-01 -9.063161782831603841e-02 -1.712315831688085155e-01 -2.441878668679168807e-01 1.181200148553426289e-02 2.304301427486474818e-01 -8.909881607701806983e-03 1.113690433007504949e-01 1.122065077097720576e-01 4.783370324964130588e-02 -1.242493925578635888e-01 -7.875312409869143770e-02 -7.038519106223087296e-02 5.716741765362219618e-02 -1.786893531201795213e-02 -2.134106212416806564e-02 1.370641812208402976e-01 -4.610986167225224197e-02 4.941968345912136074e-01 -1.299183755488990677e-01 -2.227910564204359581e-02 -5.398915140427463372e-02 -2.886449154769690217e-01 -3.461405571693117467e-01 -4.496723844487009181e-03 -3.205340094038005780e-03 -9.606401107749582002e-02 -9.810587527545402281e-03 8.571154332847830126e-02 6.963694217386685349e-03 -2.315630760757910172e-03 2.589647381477843281e-03 -3.063771619447989286e-03 -1.184074677870316887e-02 -1.003483029384011349e-02 4.517827786592786216e-04 3.745320727994729069e-03 -7.790207550301075923e-03 -1.044952390119697865e-02 -1.843047963496188477e-02 1.148255662068023777e-02 7.517009156978463058e-03 -5.319314066190496994e-03 -9.828107804961431701e-03 -7.926010762900226325e-03 2.699931183372582776e-03 -8.167927083449686571e-03 2.402562362774997642e-02 6.361076629445031917e-03 2.457198612295557420e-03 3.349740263120967211e-03 -2.119507934546928721e-02 -3.634155620418937603e-03 -5.599706872981981276e-03 4.410675991098655935e-02 6.437666279625710915e-04 -3.258934798379920558e-03 -6.265481693867916944e-03 -5.964472200499834793e-03 4.582919609313195353e-04 3.095498647091956754e-03 -1.286376734603632797e-02 -1.604293529827007913e-03 -4.875226775675849805e-03 -3.112403580138111726e-03 -1.390661411716958597e-02 -1.392813968903156528e-02 -1.267251655592288931e-02 2.815777630515081328e-05 9.490809628322939909e-03 1.515562557418765298e-02
2.427218735119256871e-02 3.685123190327088075e-03 7.594613852486412683e-04 9.515456723392088367e-01 -6.536052275446287141e-02 2.819449521612598167e-02 -1.935077608096263252e-02 -1.284315567714539030e-02 -3.345896699755366828e-04 -2.166063869859224944e-02 6.693505963748416776e-02 2.439257131969543163e-02 -1.385244362559526210e-02 1.046825320382006441e-03 1.183244699584016547e-03 -2.581055010906620727e-03 -3.557301589376845631e-03 -2.316795987671173111e-03 -1.642446206933249712e-03 -2.245244208504114120e-03 -2.714915878986183355e-03 6.809842746464132889e-04 -1.164550994934993207e-02 -1.328533047024593391e-02 1.800224349313097987e-03 2.693548366307964639e-02 -1.782291689903766838e-02 8.867595413988915015e-03 4.280344562810535318e-03 1.372721072926771924e-01 -2.044439993953003909e-02 1.103855508182035629e-02 -3.984830791113387442e-03 -1.352051138947334835e-02 -4.354323214803624870e-04 4.700526897725887561e-03 4.266997385743036275e-03 9.229063804152947813e-04 -9.387277127398483551e-03 -1.326741751985371530e-03 -2.109399660412402885e-02 1.234063073357574356e-02 -1.557176353835349435e-04 -3.534203661429579160e-03 -1.055189993032033639e-02 -4.993937395209938936e-03 1.131900372012273987e-03 4.628126289549470279e-02 -1.211479190702132933e-02 7.007109755338421231e-03 -1.534824949272679817e-02 -1.370080573437069613e-02 1.160703464592100376e-03 -8.756382756529132796e-03 1.541476806265820558e-02 -1.405745134365607636e-04 -2.166771866076193463e-03 2.531251018101186336e-03 -1.131395195556933117e-02 3.169697127458728542e-04 9.871398616955105038e-03 3.794093704231242883e-04 1.593810185874914610e-03 -5.683569745814267410e-03 -1.976725072637943326e-03 1.043009713126989875e-03 -5.176412891377834419e-03 -8.937810682605496241e-04 -6.161555661365107628e-03 8.569982507032537777e-03 -9.222579008977660042e-04 6.285259857536407190e-04 -4.275511161644426211e-03 -5.731901472047386606e-03 -3.640179559000041899e-03 1.433310718830719480e-03 -9.440948730670714693e-04 -2.497063628185592840e-03 -1.511382783699261924e-04 -1.318061505200496600e-03 -4.829291181328927013e-03 -1.755242904537787727e-03 1.638393752743125611e-02 2.122855109085517410e-03 -2.456421158191112418e-03 -4.960356459623773903e-03 -1.164370077772783514e-03 4.108828679414046857e-03 -1.502601991484850928e-03 1.085472660661360124e-03 -8.531476261024741829e-04 -4.097809257336721702e-04 -1.509922164730917189e-03 -2.794992206297633106e-03 -1.702220453905423179e-03 -1.522365732790943726e-03 -1.962388413859504632e-03 -1.791518789734594316e-03 7.584047031117594623e-03 4.714370337787669209e-03 -2.649263813904432791e-03 -2.036221552493949413e-03 -5.258628678098085929e-03 4.859375436590769376e-04 -3.333860851177153188e-03 1.501869773178386193e-02
2.191095155813504308e-02 -1.156308803944650250e-02 1.139610797375315357e-02 -6.536052275446287141e-02 9.871626236540318455e-01 1.771262823984493320e-02 6.220874724162626934e-04 7.393429165603483157e-03 -2.236706045361585779e-03 -1.499034017269995980e-02 8.067858483811755216e-03 1.756394161660401396e-02 -3.460592690957361387e-03 -3.087295361491265190e-03 -1.927899148187330741e-03 -1.899068246554105107e-03 -2.783801081866182046e-03 -9.956402523527696502e-03 -3.968610998469028830e-03 3.122977262163564166e-03 2.843974313721973728e-03 -8.892456133728288831e-03 -6.919196759280657298e-04 -1.018907389730823454e-02 8.224187913976662573e-03 3.340948895598865737e-02 -9.414334763480209506e-03 1.837405574706037908e-02 1.532529491824339424e-03 2.577214973032125253e-02 -1.213030595167727613e-02 -1.945901368817820783e-03 -6.612475852054338146e-03 1.052789950861687286e-02 2.335632751985324733e-04 -1.154407633652264516e-02 -2.044318535031323762e-03 7.842528308216700078e-03 -1.013172192618086963e-02 6.353421457948580688e-03 2.647228378488943046e-03 1.688860722134673600e-02 -4.422220961530896714e-03 -9.909053628722835211e-03 -7.548562985234387977e-03 -1.715630591074084749e-02 -5.234964928835243031e-03 2.098889253989959930e-02 -8.430111057155097176e-03 3.805729145041597105e-03 1.958193158115783920e-03 -3.292704162568293492e-04 -2.062125333242144538e-03 1.230860984295896812e-02 1.458447914866236109e-02 -9.647377177667520835e-04 -1.757392691550621611e-02 -1.765788422195482474e-02 -2.229266363365602511e-03 -9.618199738519336850e-03 1.316833931548963077e-03 -9.755947142742580833e-03 3.196380045988223180e-04 1.009583503464387896e-02 5.390276953247423106e-03 3.231942888323349576e-03 4.502250487555116247e-03 -2.909528740366888657e-03 -2.337710978520366953e-03 -3.743449153626891845e-03 -4.550415797530340742e-03 -5.145925463080507078e-03 -3.698744176510503599e-03 -9.705453478390380431e-03 -1.771262789979478110e-03 1.676530646975622763e-02 -3.198963994921227415e-03 1.206650732689369329e-03 4.025281649086930036e-02 4.435462325625716754e-03 3.729043538692627426e-04 3.406887882651251503e-03 4.535628601672113056e-03 2.343905720927018897e-03 1.584247005364677018e-04 -1.186311823851671568e-02 -1.011809548058454494e-02 -3.513289466615719756e-03 -4.256297387954306732e-03 -1.153000317249395362e-02 3.649916561971527917e-03 -2.739353770034959334e-03 1.534182972812545183e-04 -1.843532167182289653e-03 -4.835968233276289295e-03 -5.607398584326870293e-03 -1.535759111937980408e-03 -4.145424699591104649e-03 1.032146349243829447e-02 3.190194057879932980e-03 -4.760258238333165554e-03 1.071156785431804509e-02 3.014674334198518425e-03 3.918613011879351279e-03 -5.478115210973330367e-03 1.188595886300133735e-02
1.591502031332502065e-02 -1.741673295498667728e-02 1.776614255703073686e-01 2.819449521612598167e-02 1.771262823984493320e-02 9.359186714218756808e-01 -2.016346623949333630e-03 2.673902311918899266e-03 -1.407108907712681552e-02 -3.051116819697404121e-03 9.151801209363104317e-02 8.752222436223887347e-02 -2.515493593508290326e-02 -1.145187522161414916e-02 -1.457512596937237948e-01 -3.263397425585019135e-02 -8.411468539457359062e-02 -3.423073411346184980e-02 -3.173488794980644599e-03 -2.364734967975830847e-03 2.110217648741957025e-04 -1.420673882546144746e-02 -8.422243528065269727e-04 1.662411484877390766e-02 3.720486346372030295e-02 2.668758334074056854e-02 4.153012758182293013e-02 2.637925046738336804e-02 -8.406563102806812252e-03 4.163597385271483597e-02 -5.504282052271779191e-02 5.445760095888722147e-02 -8.502104642922079852e-04 1.098433421273436877e-01 2.177621967683329978e-03 -1.249452895788739915e-01 1.043557961916227088e-04 -8.572158028203187563e-02 -6.324330950045754796e-02 -2.502714829969079208e-04 6.082906557840053741e-02 8.857273205148419315e-02 1.065689975627628350e-01 -2.358582446207764874e-02 2.229079132595400414e-02 -1.193673883672635022e-01 -3.051693004691397731e-02 1.695562244822811093e-02 2.177549004562596979e-02 5.164874866670606662e-03 -2.264277166998477850e-02 8.177207728751453852e-02 -1.463721022531071225e-01 1.524523713790963964e-01 4.981490295318664885e-02 -2.928618270726808873e-02 -1.956081389729240616e-01 -3.378968536676841411e-03 -9.219158710092609232e-02 6.244697280037578638e-04 -5.990822342477481084e-03 -3.246167500549165807e-02 8.048567967920883161e-04 2.972618667315373581e-02 -1.266301562117102056e-03 -1.883896873025250104e-03 -1.434403446783309027e-02 -1.830719885919320292e-03 -7.238410122503863633e-03 1.477259521996937899e-02 -1.546118926936205932e-03 -1.241795864821756447e-02 1.439066517016484442e-03 9.303386914829684523e-03 -2.396710407050951785e-03 5.981260208512737854e-03 -6.055310978108367683e-04 -6.011412824151070138e-03 6.864494973273238543e-04 -5.438264822736384174e-03 -2.925632040867096875e-05 -9.471750014273368212e-03 2.876687913766932513e-03 9.317513677893810020e-03 5.365763312602005869e-03 2.290060987436006237e-03 -3.923921169797248663e-03 6.840173947655528441e-03 1.229642582481775895e-03 1.488130222976572457e-02 -9.221616538709773159e-03 5.796104335476542219e-03 -6.522282390687278442e-03 -6.561112296932614801e-03 -6.913788616409418004e-03 6.176605375108147611e-03 -4.352690816227420059e-03 1.668471373698423481e-03 9.905697791513044109e-03 -1.211251246913145480e-02 1.094334512362211617e-02 -6.201112437182531439e-03 -5.573736985044738627e-03 -6.866320253973815478e-03 3.628386839928104436e-03 1.180636072471903664e-02
3.442329782197989935e-02 -8.828886546262446067e-03 -1.242109779871737943e-02 -1.935077608096263252e-02 6.220874724162626934e-04 -2.016346623949333630e-03 9.942126956914469904e-01 -4.665785478174747092e-02 -2.350272353951600706e-03 -2.584492157543111790e-01 -4.056332911572547301e-02 -5.146632952853315984e-02 -3.603796975797136926e-02 -3.244049414381177960e-03 -3.736237068801663563e-02 -1.967329245610186655e-02 -1.869232637428385260e-02 -9.218064323481713410e-03 -1.095194223168367842e-02 -1.538552901316952819e-02 -1.808104903631420346e-02 -1.376173601289391521e-02 2.431128934789747453e-02 -3.692518942710096286e-03 2.108860466158834004e-02 -5.774744559539863285e-03 -1.459700339633271740e-02 4.960463580562421079e-03 -5.714813300190424612e-03 1.028011414908529784e-02 1.981372451198634699e-02 2.761701005635637529e-02 1.740710639037820751e-02 -1.577697383898682762e-02 -2.289140214948711012e-03 -7.810096638894105034e-03 -2.422124166445362593e-03 1.309854071015132369e-02 1.182458674636001905e-01 8.989883224669764639e-02 -3.190365797504582379e-02 2.415699836172602311e-02 -1.819440873873040196e-02 -1.087172038778651435e-02 -3.038859889456940050e-02 -2.814900853380974260e-02 -9.437971186579484362e-03 1.877062565095566696e-02 1.154325223385429915e-02 -5.525539288225198714e-02 4.137740336125357576e-02 -1.683120686170195418e-02 -3.744428824613536128e-02 -9.527275007637503457e-03 2.539028698144845525e-02 -2.065849100535636050e-03 -2.984783476700105312e-02 2.305071144788735371e-02 -1.092188384736430748e-02 2.182500844683068000e-02 1.469064309467392471e-02 5.034740534188925087e-02 1.628775505781632996e-03 -5.582926741352658984e-02 3.499022008133992681e-03 -5.121645717369714169e-03 -4.234812055037902312e-03 3.608477072173934923e-03 -2.412976172242427188e-03 -7.006228492773230836e-03 -4.260180820532100295e-03 -2.166234108192329616e-03 5.913766438137896611e-03 4.597828024062561823e-04 8.376852802300265889e-04 -4.964840625017960009e-03 -6.332698970087188850e-03 -5.252377946567427652e-03 -1.061646993771958244e-03 -3.313036289716341301e-03 -4.792831857177456620e-03 -3.144086142489646747e-03 -3.548419011682291992e-03 4.012048226196066915e-03 -4.498770380160486450e-03 -4.342011532790362831e-03 -8.932555129035509717e-03 -2.880956105368043772e-03 5.580098559582689563e-03 -2.081577509143631502e-02 1.092756935409169242e-03 -2.878441468316384616e-03 -4.683473654913695820e-03 1.455177071199469097e-02 -2.549321982732916103e-03 4.276540900526263483e-04 1.390395498267387939e-02 -3.211577579339978950e-03 -8.260828337794595688e-03 -7.406108920938796365e-03 -4.044454625821597947e-03 -4.068276445666482027e-03 1.619601231647520290e-02 -2.716120232394113754e-03 -3.933820093571474552e-03 -2.393287726421052669e-03
5.565775294727288991e-02 -2.922101081768948248e-03 -4.288701543431987923e-02 -1.284315567714539030e-02 7.393429165603483157e-03 2.673902311918899266e-03 -4.665785478174747092e-02 9.919996122914542802e-01 -4.076031239401258291e-03 -3.920818295409428389e-01 -5.261180631848788591e-02 -7.523280362988342407e-02 -5.312543978800333966e-02 -5.626091262549182646e-03 -6.046148606777246998e-02 -1.838586121031676041e-02 -2.314994889491231445e-02 -7.969575328534693817e-03 -1.065915409073772691e-02 -1.344312143302418133e-02 -8.835970464688810283e-03 -8.817303987900411075e-03 1.250374645551277988e-02 -2.094396200975404826e-03 4.088928839287788580e-02 -3.470215918163995807e-03 -4.236524214505058700e-02 1.211862773039424912e-01 3.608518428192058862e-03 -1.603990224847372248e-02 -2.292036304458512988e-02 3.150137178830379053e-02 -6.397741277731692003e-03 -2.759486114743048193e-04 -5.062924109423899525e-03 -2.998274832546378443e-02 2.697349834948712961e-03 2.143866788925428632e-02 1.899532454581964389e-02 -3.930198931721464069e-03 -4.134519092405373325e-02 -2.230389362460114683e-02 -2.343061015340125106e-02 -2.172067168964928255e-02 -5.958038960458707234e-02 -5.936331200536303261e-03 -1.628654880062228513e-02 1.588103621505497776e-01 2.322503962526992205e-01 -9.120498513337339797e-02 -1.761404635311023675e-02 6.094878909132874639e-03 -6.061080780693568759e-02 -9.987454635855774060e-03 2.887548001241011832e-03 -1.089691862563886560e-02 -3.119026837198197316e-02 3.746614835757557105e-02 2.501766975603063672e-02 1.936904196382631393e-02 -1.914259041324174737e-02 4.123819562930734761e-02 -9.034732332652634784e-03 -2.809655200622601309e-02 -6.913093100036302521e-03 -5.308729891043069936e-03 -3.826171317336664497e-03 -1.030010731920390742e-02 -4.323278677961513161e-03 -2.797097228719309676e-03 -2.422463522182302306e-03 -2.939342375294883014e-03 -3.327959569158200296e-03 5.658437184710794071e-03 2.667260922989635966e-03 -3.127952311284450289e-03 -8.647290575683561770e-04 5.696995126851739887e-03 -1.841193555527785748e-03 1.418195572773374869e-03 -1.306771268010137061e-03 -4.872049733161822743e-03 -9.857763366791345849e-03 -2.423112952721998350e-03 -6.761656293327861569e-03 -9.379189018446008191e-03 -2.295141019773872318e-03 -7.367487935466434171e-03 4.523441555619100649e-04 -2.087635357480895071e-02 -2.945670603494293660e-05 1.424681711903496781e-03 -3.210795244983548000e-03 -4.405879558504599038e-03 -1.342763529610488133e-03 -4.356418772661250008e-03 1.057717960776157319e-03 -4.741257758625036511e-03 -1.267277314869416985e-02 -2.537233385863260464e-03 -6.320966326766947613e-03 -6.457847944708865889e-04 3.280130800404305880e-02 -2.570159310432342838e-03 -5.502859013084264277e-03 -1.574229617381070825e-02
-1.974643314069356170e-02 5.663171990595139600e-03 3.574643488819663310e-03 -3.345896699755366828e-04 -2.236706045361585779e-03 -1.407108907712681552e-02 -2.350272353951600706e-03 -4.076031239401258291e-03 1.166545449966697401e+00 -2.606755816586538502e-02 -1.800430207871900031e-03 -4.460855812714975728e-03 -3.237976853611827539e-03 -5.080765097943600386e-04 -4.738838241559142038e-03 2.517586475442181587e-02 8.610585416413081561e-03 -2.436039235305432343e-03 -1.590966564474960996e-03 -2.178114100522237327e-03 1.430796879143831496e-02 -2.663331812793682304e-03 -2.995746713859015389e-03 -3.465383503798020060e-03 -5.711375765181805376e-03 -6.589499301639559865e-04 -7.608784141785545491e-03 -2.265627544349440182e-03 -8.950425917726802022e-04 -8.130219427072471515e-04 1.882883562535245508e-03 -9.242537807093101224e-04 -3.007971575990835231e-04 -6.509352912398966642e-03 -2.203746318098686631e-03 1.077744437340495340e-02 -3.675464687464847884e-03 -3.520411930252550971e-03 -6.894082876769875613e-03 -3.005636480279359475e-04 -6.500849316785818448e-03 -4.241595326883498482e-03 -3.451666034726174996e-03 -4.270330884681657925e-03 -4.952705152103729740e-03 -7.094769928922869950e-03 -1.457226814865076507e-03 -4.612440877049159629e-03 -2.121537342849897072e-03 -5.745893251745104978e-03 -2.623291502579292236e-03 -3.993128740596851509e-03 6.695658658400355234e-02 -1.008844248850728799e-02 -5.976212186234088758e-03 -3.716752738596022267e-03 2.361859668120832104e-02 -7.111978711917386724e-03 8.597413999224158207e-03 -1.911260099081694150e-03 -2.908181868509529620e-03 9.918522428119039280e-03 -1.831298691574537304e-03 -5.860295174644984846e-03 -3.457447024875692971e-04 -9.013950676182860096e-04 -7.385443641123024244e-04 -8.844681384280524573e-04 -9.071355331072325067e-04 -1.033231631875028986e-03 -5.703468945595981674e-04 -1.230635769975401902e-03 -7.829909080846125064e-04 -4.317322970545556422e-04 -9.171251850006867249e-04 -4.990643613479784670e-04 -9.225097067294246158e-04 -6.724940654424797120e-04 -1.662730218713952778e-04 -4.462441424911015378e-04 -3.947603152511455229e-04 -3.433741058813277627e-04 -6.911485781420482772e-04 -4.765149013182438205e-04 -4.375231383261566189e-04 -6.659994557949104046e-04 -1.083205839783146079e-03 -5.378913169421775577e-04 -4.508157269080138429e-04 -2.972962936464649750e-03 -7.367140572283398725e-04 -4.508157269081013922e-04 -6.376999519872100178e-04 -1.194337223918750905e-03 -7.672083349450721295e-04 -6.301438715997953769e-04 -1.154398831641824906e-03 -2.903294341680768480e-04 -8.692973053871593490e-04 -4.746545827250538379e-04 -4.554926714435671912e-04 -5.121244578797964474e-04 6.070311397884123328e-03 -1.040827593245121675e-03 -2.774250627127215524e-04 -2.297816139690893236e-03
-1.809353195335623998e-01 4.153521213709378268e-02 -1.737171709651728901e-02 -2.166063869859224944e-02 -1.499034017269995980e-02 -3.051116819697404121e-03 -2.584492157543111790e-01 -3.920818295409428389e-01 -2.606755816586538502e-02 9.850909872448572191e-01 -2.732132507300872315e-01 -4.311212380171357550e-01 -3.063206059333468678e-01 -3.598070098563455749e-02 -3.712091308920029697e-01 1.313469279320159631e-02 3.160051386997157763e-02 1.325341218375280725e-02 1.595488374970892992e-02 1.993754639701827633e-02 -1.794126390222582773e-02 1.059184064054106457e-02 -3.072962957953046144e-03 1.480409924425179179e-02 -2.130891612171384453e-02 -5.471873203573906358e-02 5.614833617876519717e-02 -7.476686915057742522e-02 6.742758208428826887e-03 -6.539866343210901101e-02 -3.137228803201006291e-03 -5.062920912102739091e-03 -2.675692260760566266e-03 -5.717652859130338550e-02 6.004579320292545430e-04 7.930703014601249434e-02 8.258064170122585146e-03 -4.898542767250126106e-02 3.755763541748100010e-02 -2.396955695499466271e-02 6.476590480230713653e-02 -1.295756913207331273e-02 -9.705971855341970211e-02 9.695280608013330526e-02 1.392194238290140607e-01 8.627722861033648716e-02 4.063851326423768145e-02 -1.021870369629477304e-01 -1.193848592423507465e-01 8.508675264099750668e-02 4.043665675947640675e-02 4.521961480849402693e-02 -3.721899627439786418e-01 -5.239657914180497617e-02 1.729009611824136594e-02 2.798410458941706994e-02 4.342695530883980415e-02 3.602741255304025766e-03 -1.651590073662864699e-02 -1.972638550604362273e-02 -2.806253371149629132e-03 -5.737339226087725952e-03 1.716505716123045353e-02 7.225989312037772727e-03 8.171910740745289004e-03 -3.991661660776300510e-03 -6.404948519279597338e-03 4.406134694389863236e-03 2.395640148824823221e-03 1.357489366697925068e-02 1.265431405770961817e-02 1.461676593049881720e-02 -3.999705595565830694e-04 -3.487158038181230497e-04 4.302369620266763631e-03 -4.486401546664350176e-03 1.977186363666613364e-02 4.314373430681959533e-03 4.593031671789557166e-03 -8.301696297772992797e-03 8.481784864136188845e-03 4.714680913495014614e-03 2.905344425126672389e-03 -7.725102976492713262e-03 1.430554311961002370e-02 -7.466137620971691462e-04 1.981435309661412625e-02 4.496109830400815688e-03 4.703286304595636139e-03 4.720386065634801787e-02 5.681847266282831141e-03 2.211836241493362210e-03 9.719787613870651058e-03 1.454859187408759184e-02 7.166511447842265417e-03 3.172512607045837370e-04 5.749996033986513530e-03 1.213293624677440254e-03 -1.707986391159170558e-02 -1.085339337343755109e-02 -8.059437895897914039e-03 3.842733591187475362e-03 -4.331248117250176277e-02 1.366427000868284704e-02 7.064563267105201938e-03 2.799659672753305670e-03
7.109373078491154629e-02 -2.045405736102754238e-02 5.155405616919614409e-02 6.693505963748416776e-02 8.067858483811755216e-03 9.151801209363104317e-02 -4.056332911572547301e-02 -5.261180631848788591e-02 -1.800430207871900031e-03 -2.732132507300872315e-01 9.688950100272346599e-01 -5.821787320391821896e-02 -4.016846257818727783e-02 -2.485109673209497799e-03 -3.443071602828816358e-02 -4.462603752481501471e-03 -1.209315539946210875e-02 -4.455923599258778539e-03 -3.781908975649810566e-03 -5.651174982060976071e-03 -3.216548757785839350e-03 -5.721506200453453650e-04 -1.554818065198924079e-03 -7.619769604561946706e-03 1.344335693525915316e-02 1.535602124852671231e-02 -1.053917901850656876e-02 -7.877091703585142532e-03 -4.377842627771971404e-03 5.634531443145295720e-02 -8.670925896670854220e-04 -6.068098740587026668e-03 -5.792015461467667214e-03 4.647023633549568489e-02 -6.593400316513415432e-03 -4.379682904587570147e-02 -4.001104709559573543e-03 6.441225038324057545e-03 -3.981497354176251335e-02 -2.318180839985890720e-03 -1.517877458826402334e-02 1.003563990917694659e-01 2.417262197381686573e-02 -2.486143369231262612e-02 -2.893931447106589186e-02 -2.628270849133553314e-02 -7.339234287663417428e-03 -1.619741444502571792e-02 -2.464202126146705640e-02 8.615476539690500313e-02 -3.276354420081650787e-02 -1.844439443523390038e-02 -3.448374937331913359e-02 5.758679665513952162e-02 -1.771100270635654617e-02 -1.338054540547228138e-02 -2.398545201070542698e-02 -1.528239059551764548e-02 -2.264018550910168806e-02 -1.070408126809268244e-02 3.296844750177313661e-03 -3.644838512136783226e-02 -4.344057556665332880e-03 3.295066150060695781e-02 -6.036705921616512122e-03 1.379317872395565423e-03 -5.533469136940843275e-03 -5.039145338440370429e-03 2.045634786510360653e-02 2.426817871127486068e-03 -3.769244144455602581e-03 -5.082257702059634133e-03 -4.386077766563521371e-03 -1.820312735582476586e-03 -2.150061843773309889e-03 1.241029035040007271e-02 -5.212977038810145784e-03 -4.584607771396156245e-05 -8.132765185571775961e-04 1.551348889544009770e-02 -5.529424827108020760e-03 -3.186620107028306607e-03 6.598066061599167260e-03 1.131664586478068907e-03 -4.840488799115813881e-03 -2.265056918364158692e-03 -8.491377651143071359e-03 -5.426721843370470484e-04 -3.574888516927536390e-03 -7.999808381216947512e-03 -4.542186625972976718e-03 -2.205035072822939674e-03 -4.087986260988100973e-03 -1.138553812838048566e-02 -3.207511356810472357e-03 5.386490138548282076e-03 -8.557110391976509994e-03 -3.570420526135046485e-03 1.453651198302057662e-02 6.091393174454926701e-03 1.854795215417475926e-02 -3.769278321398949593e-03 -6.945595389348699703e-03 -6.508656414746218088e-03 3.812017321569442091e-03 3.084807781252781045e-02
1.235031057493518325e-01 -3.810054165335577392e-02 9.787626325348358636e-02 2.439257131969543163e-02 1.756394161660401396e-02 8.752222436223887347e-02 -5.146632952853315984e-02 -7.523280362988342407e-02 -4.460855812714975728e-03 -4.311212380171357550e-01 -5.821787320391821896e-02 9.766909616163026442e-01 -5.847878675712284841e-02 -6.157259460824795853e-03 -6.632591920670562191e-02 -1.889649859883592688e-03 -1.921286158718182521e-02 -1.172499426104624265e-02 -6.644005559564964379e-04 -7.078404330731373657e-03 3.290620349841649056e-02 -6.712123880774848415e-03 -9.712683690376587228e-03 -7.366954808674386346e-04 -1.270557171849838810e-02 1.193017985408673792e-02 1.782151898118792752e-02 -1.271369079137480047e-02 -1.084681019451562770e-02 7.678777744364800872e-02 -1.764150205460014026e-02 -1.434760722777322396e-02 2.130613665817049883e-03 1.008487296100770009e-01 2.611011162572233341e-03 -9.214887205056242203e-02 -1.460506479446317847e-02 1.082194216736966780e-03 -8.333454477516749614e-02 -4.313025557633531210e-03 7.420578469264516031e-02 1.716175211047327176e-02 2.335581040124264096e-01 -4.945501408718321751e-02 -5.586985809473893339e-02 -2.547931692342319393e-02 -1.782712493003679038e-02 1.077465671763552964e-02 -3.758706077298208659e-02 3.706870168649148423e-02 -3.449371321677888180e-02 -3.942945402752662601e-04 -6.648907735322372170e-02 1.057126539342702620e-01 -3.059070417691620025e-02 -1.429943937416774946e-02 -6.571463042652006536e-02 -3.567591891009280758e-02 -6.035911632481139218e-03 1.243206715427898736e-03 -3.154346624745941324e-03 -5.450585411649185724e-02 -1.529065820529543554e-02 5.074612502817579807e-02 -2.343112919114689364e-03 2.309753911661552132e-03 -3.289194279077499884e-03 6.920950425616440027e-03 3.705703614716380741e-04 -7.520567537340130428e-03 -7.686439963494695257e-03 -7.800655797252344960e-03 6.629696368348851447e-03 -5.753555836229510591e-03 -8.610197049159419580e-03 1.569155652343581786e-02 -1.173379334661269618e-02 -9.350078889635146315e-03 -2.015023558974521518e-03 2.616971763692312568e-04 -7.629413012862911944e-03 7.472435527226570923e-03 -2.751475900310230635e-03 1.759926536709070094e-02 -2.841343083001154207e-03 1.638081032331380194e-02 -4.782440077728039932e-03 -1.553151707034579332e-06 -6.546479343817187407e-03 -1.635999120416140040e-02 -1.681530710976073244e-03 3.653601623367677383e-04 -2.492640060258081254e-04 -1.450233884586963132e-02 -3.366026097976725084e-03 -2.073195097735667982e-03 -5.970595731757752031e-03 8.810775868000643440e-04 3.303551630978041054e-02 -7.762544005161417862e-03 8.369101854582906494e-03 -1.826201164841079541e-03 1.162988380696184688e-02 -1.669601113968738251e-03 -2.412337829841414844e-04 -9.550629961074745111e-04
1.258531014318757871e-02 -1.131889752892314971e-02 -2.296600426739881656e-02 -1.385244362559526210e-02 -3.460592690957361387e-03 -2.515493593508290326e-02 -3.603796975797136926e-02 -5.312543978800333966e-02 -3.237976853611827539e-03 -3.063206059333468678e-01 -4.016846257818727783e-02 -5.847878675712284841e-02 9.863814588676811379e-01 -4.469336031663783543e-03 -4.763280967059844995e-02 -2.122838062078045637e-02 -2.564819794024186111e-02 -8.458022165535343181e-03 -1.222074038542857871e-02 -1.528720216551711711e-02 -1.515978908607548171e-02 -1.642020534285676750e-02 -5.497757960220778575e-03 -5.828628103129290458e-03 2.278078228120078777e-02 1.053460348595632867e-01 -4.730433675702222507e-02 6.521385111126058731e-02 -3.673494211020834725e-03 7.926530951311103884e-03 1.085282510630178159e-02 1.519330609139500979e-02 1.357593047922946248e-03 -9.182731585150786732e-03 1.484924475178850574e-03 -3.599664079249848903e-04 4.594575347148104581e-03 -8.444499822701713454e-03 4.907146325994040520e-02 -3.092171918236082551e-03 -4.958195095965982346e-02 8.993548363816203373e-03 -2.093916579786584548e-02 -3.291844135068374561e-02 -4.235099990098598749e-02 -5.597663931107821605e-04 -1.293046948790376426e-02 1.181424317267555230e-01 9.293883694551596797e-02 -6.812380033165324478e-02 1.669360966587224437e-02 -1.455934656935761393e-02 -4.775209506103246515e-02 -1.068071229219477378e-02 2.067043171076177535e-02 -1.313461899398188013e-02 -1.548725694682684915e-02 1.133623556582773542e-02 2.838182173441968978e-03 5.259343622080407676e-03 1.406448706708816367e-02 1.408494291157442665e-02 -1.039130034377353830e-02 -1.749484518101113162e-02 -5.338221146448265605e-03 -4.439227272030069060e-03 2.170311814937818384e-02 -4.006960595904622904e-03 -1.153089136560579188e-02 -9.431325260776122002e-03 -5.534843998255963363e-03 -1.208215731946093129e-02 -8.614387055361792450e-04 -9.739245599094921782e-04 -2.238352307719180308e-03 -5.878599052008818236e-03 -8.485329700170789191e-03 2.117571161129428326e-03 -1.462634058882911550e-03 4.236532973035353131e-03 8.589234285458630103e-03 -3.817093210294636874e-03 1.970334687131057583e-02 -3.055536445990453091e-03 -5.276032313845720190e-03 -5.854317974798441994e-03 -7.499028309071213531e-03 -1.942337583322613880e-04 -4.689668395100135036e-03 -2.518278045129170722e-02 -1.512622994804391132e-03 4.007675486831016078e-03 -6.121667305033063819e-03 -9.282156340864426702e-03 -8.797655873835980717e-03 -1.718217125635399835e-03 -3.222249463400636386e-03 4.653718690501031617e-03 -9.915559632743395010e-03 1.588704258263849700e-02 2.024109579418407849e-03 2.186113343076790880e-03 2.578026401543248233e-02 -9.905070181530931106e-03 -4.250470614465077027e-03 -6.909294846078981034e-03
1.848619941085957383e-02 -3.469890999516604679e-03 1.437477749822786048e-03 1.046825320382006441e-03 -3.087295361491265190e-03 -1.145187522161414916e-02 -3.244049414381177960e-03 -5.626091262549182646e-03 -5.080765097943600386e-04 -3.598070098563455749e-02 -2.485109673209497799e-03 -6.157259460824795853e-03 -4.469336031663783543e-03 1.110895342669283359e+00 -6.540954879771299947e-03 -4.860489054798336830e-03 -5.532815864173090681e-03 -3.362432290629668169e-03 -2.195989815013367746e-03 -3.006421685715661343e-03 7.860745091420897473e-03 -3.676161187474944695e-03 5.109373393603316126e-03 -4.783222381525195285e-03 -7.883335382472539746e-03 -9.095397524719104178e-04 1.413444556227697567e-02 -3.127215318725426289e-03 -1.235415287425779048e-03 -1.122203285370269518e-03 -1.357221143979350179e-03 -1.088532016427733867e-02 -4.151862831199729467e-04 1.083704818659952593e-02 1.156872164816103582e-02 -6.128012915009020331e-03 -5.073194622278067237e-03 4.626220688855463455e-03 5.970061295559873048e-03 -4.148639729900044999e-04 -3.998253178198309631e-03 -5.854617152386701676e-03 5.266337195994422876e-02 2.272551312750928278e-03 -4.002431211700313109e-06 -4.325287608862690009e-03 -2.011390631998348673e-03 -6.366490292455472856e-03 -2.928329545758523358e-03 -7.930979406314158861e-03 -3.620894084206851497e-03 2.172047749204402377e-03 -6.561233534752786839e-03 -5.052565064772984033e-04 -1.577658300122690080e-02 -5.130183965604996968e-03 9.872022477389483242e-03 9.255525242134341130e-04 1.958806668252148150e-02 -2.638086685883215664e-03 5.468251054777262948e-03 -3.078275339385528036e-03 -2.527717027336434403e-03 1.262045014850243915e-03 -4.772267766092299691e-04 -1.244183524653000349e-03 -1.019402882336023237e-03 -1.220819511271067958e-03 -1.252107012190920498e-03 -1.426155766445363036e-03 -7.872421705423774839e-04 -1.698630051190881413e-03 -1.080751850979000828e-03 -5.959143003466236708e-04 -1.265895594743970173e-03 -6.888518458073499212e-04 -1.273327777883407090e-03 -9.282345407777715246e-04 -2.295044224650199746e-04 -6.159448060070873499e-04 -5.448823696360716477e-04 -4.739546739022578998e-04 -9.539831145112209710e-04 -6.577271285035572821e-04 -6.039073209018234415e-04 -9.192701181704363532e-04 -1.495134495495193446e-03 -7.424441719671344159e-04 -6.222549026758907769e-04 -4.103540875509232959e-03 -1.016876534287593226e-03 -6.222549026759422765e-04 -8.802086925445572370e-04 1.959565189682132419e-02 -1.058967376909081270e-03 -8.697791361084732283e-04 -1.593401227502364318e-03 -4.007378248341729367e-04 -1.199879413856934449e-03 -6.551593556951955128e-04 -6.287104265032836346e-04 -7.068785219215319030e-04 2.953545559098449524e-03 -1.436640370067298299e-03 -3.829260939542620265e-04 -3.171644805245182538e-03
